Start,1.3
End,4.25
